11.21
0.14
0.15
0.1
2.97
0.17
0.11
1.33
0.15
1.52
0.14
0.15
0.89
0.14
6.38
3.22
0.18
0.12
0.20
0.18
0.18
0.20
0.16
0.20
0.16
0.20
0.16
0.16
0.60
13.33
0.50
0.40
1.96
11.02
5.05
3.02
5.81
2.29
1.60
9.52
46.98
0.44
1.36
25.02
0.16
3.00
15.32
0.18
12.73
0.20
0.20
32.68
1.31
5.83
0.42
0.14
1.49
3.97
20.72
10.16
2.35
0.58
15.28
0.32
0.35
0.35
0.24
0.26
4.59
0.71
19.20
8.80
10.83
9.07
0.33
9.30
0.21
0.18
18.97
13.53
2.66
4.39
2.97
11.64
5.28
4.31
0.21
2.09
0.20
0.18
0.67
0.74
14.44
2.46
19.23
12.97
0.36
0.22
2.06
0.21
8.29
6.01
2.33
9.29
12.04
13.42
13.86
0.64
0.18
1.13
0.18
2.27
0.70
23.83