13.55
12.58
0.40
19.50
0.40
0.52
3.86
14.55
0.58
5.95
37.37
5.89
12.08
34.99
15.82
10.81
9.31
50.82
78.40
8.15
2.09
8.44
3.12
45.35
15.66
61.60
63.09
0.53
26.52
97.68
22.09
18.71
31.31
46.77
183.37
108.00
10.11
33.06
111.25
35.34
12.03
97.79
50.28
30.91
3.31
1.83
9.61
25.58
5.26
1.29
24.86
18.33
28.29
36.35
8.94
66.30
6.13
1.24
16.83
141.85
1.24
127.03
81.25
17.03
21.90
23.78
8.82
87.13
62.36
1.20
3.70
45.72
21.63
17.03
8.67
119.23
169.68
7.28
0.33
125.43
15.68
232.17
0.56
1.52
5.86
20.29
23.00
0.62
0.45
2.67
28.78
36.14
93.09
0.99
28.45
26.51
0.43
53.63
12.49
35.29
8.96
9.96
48.38
16.51
25.55
1.00
1.39
3.82
58.93
15.84
58.35
38.19
78.27
10.99
16.34
25.00
1.10
1.80
57.43
49.34
28.41
1.25
3.31
1.75
14.25
1.09
8.27
3.72
3.20
27.53
1.22
10.01
14.27
2.52
14.24
1.15
14.99
48.00
11.96
121.86
4.84
1.10
22.16
27.38
22.43
8.62
12.86
10.38
11.76
1.54
5.12
1.15
0.45
8.39
0.68
30.19
0.92